----Result of Pass 3----
                                                      
                1 1                               2   
    3 3   3     1 1           4 4 4               2   
    3 3   3     1 1   5       4 4 4     6 6 6     2   
  3 3 3 3 3     1 1   5   4   4   4         6     2   
    3 3   3     1 1   5   4   4 4 4     6 6 6     2   
    3 3 3 3     1 1   5   4   4 4 4     6 6 6         
  3 3 3   3     1 1   5   4   4 4 4     6             
    3 3   3     1 1   5   4   4 4 4     6   6     7   
    3 3   3     1 1   5   4   4 4 4     6   6     7   
    3 3   3     1 1   5   4 4 4 4 4     6 6 6     7   
  3                         4                   7 7   
    3 3   8 8 8 8 8           4 4 4   7   7   7       
    3 3   8 8 8 8 8           4 4 4     7 7   7   7   
    3 3   8 8 8 8 8           4 4 4         7     7   
    3 3   8     8 8   9   10   4 4 4     11     7 7 7   
                8 8   9                           7   
    8 8   8     8 8     9     9 9 9               7   
    8 8   8     8 8   9   9   9 9 9     12 12 12   7 7   
    8 8 8 8     8 8   9   9   9   9       12 12     7   
    8 8   8 8 8 8 8   9   9 9 9 9 9     12 12 12         
                                                      

EQAry: 
0 1 2 3 3 4 5 6 4 6 6 7 8 7 7 7 9 10 11 8 8 9 12 
